1
1 20.0 20.0 777.0 696.3424072265625 10
0 1 80.0 59.658931732177734 80.0 1.0E9 6
17 3 27.0 23.0 1
37 9 32.0 22.0 1
49 18 48.0 28.0 1
34 26 61.0 33.0 1
30 19 58.0 27.0 1
10 5 51.0 21.0 1
1 1 80.0 62.16826629638672 80.0 1.0E9 6
5 21 40.0 30.0 1
38 15 45.0 35.0 1
16 15 52.0 41.0 1
21 8 62.0 42.0 1
50 10 56.0 37.0 1
9 11 52.0 33.0 1
2 1 78.0 87.06401062011719 80.0 1.0E9 5
11 19 42.0 41.0 1
2 30 49.0 49.0 1
36 6 63.0 69.0 1
35 17 62.0 63.0 1
29 6 58.0 48.0 1
3 1 78.0 63.175758361816406 80.0 1.0E9 4
12 29 31.0 32.0 1
46 5 32.0 39.0 1
3 16 52.0 64.0 1
20 28 57.0 58.0 1
4 1 77.0 81.4029312133789 80.0 1.0E9 6
47 25 25.0 32.0 1
1 7 37.0 52.0 1
31 11 37.0 69.0 1
28 14 43.0 67.0 1
22 8 42.0 57.0 1
32 12 38.0 46.0 1
5 1 77.0 70.36250305175781 80.0 1.0E9 5
6 15 21.0 47.0 1
48 17 25.0 55.0 1
26 7 27.0 68.0 1
8 23 31.0 62.0 1
27 15 30.0 48.0 1
6 1 76.0 96.3152847290039 80.0 1.0E9 5
23 16 16.0 57.0 1
7 19 17.0 63.0 1
43 11 5.0 64.0 1
14 21 12.0 42.0 1
4 9 20.0 26.0 1
7 1 79.0 57.26306915283203 80.0 1.0E9 3
25 28 7.0 38.0 1
24 10 8.0 52.0 1
18 41 17.0 33.0 1
8 1 79.0 57.71842575073242 80.0 1.0E9 5
42 13 21.0 10.0 1
41 27 10.0 17.0 1
19 9 13.0 13.0 1
40 7 5.0 6.0 1
13 23 5.0 25.0 1
9 1 73.0 61.213218688964844 80.0 1.0E9 5
44 16 30.0 15.0 1
15 10 36.0 16.0 1
39 14 59.0 15.0 1
33 23 46.0 10.0 1
45 10 39.0 10.0 1
2 30.0 40.0 0.0 0.0 0
3 50.0 30.0 0.0 0.0 0
4 60.0 50.0 0.0 0.0 0
