2
0 4.1077202E7 -8.0051781E7 659.0 320.4628601074219 12
0 Regular 54.0 11.140038025863333 54.0 0.0 28
0 0 4.1077202E7 -8.0051781E7 D
345 1 4.1110092E7 -8.005472E7 Regular
357 1 4.111188E7 -8.0055272E7 Regular
351 1 4.111086E7 -8.0054856E7 Regular
328 1 4.1108904E7 -8.0052944E7 Regular
336 2 4.1106264E7 -8.0053472E7 Regular
331 1 4.1103072E7 -8.0052776E7 Regular
323 1 4.1100784E7 -8.0052208E7 Regular
453 5 4.1098872E7 -8.005188E7 Regular
307 1 4.1096028E7 -8.005168E7 Regular
304 1 4.1090148E7 -8.0051744E7 Regular
185 2 4.1089904E7 -8.0056544E7 Regular
166 1 4.1089904E7 -8.0057792E7 Regular
132 2 4.1088088E7 -8.006312E7 Regular
121 1 4.1087796E7 -8.0064608E7 Regular
113 1 4.1087676E7 -8.0065232E7 Regular
454 2 4.1085968E7 -8.0051784E7 Regular
455 1 4.107814E7 -8.0051784E7 Regular
534 3 4.1076E7 -8.0061224E7 Regular
535 5 4.1075896E7 -8.0061192E7 Regular
468 2 4.1072008E7 -8.006268E7 Regular
593 2 4.10758E7 -8.0063152E7 Regular
467 8 4.1072024E7 -8.006184E7 Regular
192 1 4.1066492E7 -8.0054952E7 Regular
447 1 4.1066484E7 -8.005264E7 Regular
448 5 4.1068056E7 -8.0049912E7 Regular
88 2 4.107376E7 -8.0043392E7 Regular
-1 0 4.1057168E7 -8.0042566E7 D
The road segments list is:
null 52686854 52685969 52686855 52679904 52696605 52685968 52689597 52668662 52669728 52685964 88000002 88000001 88000012 88000011 52692883 52668703 52696613 52690887 52669396 
1 Regular 55.0 5.458484703411819 55.0 0.0 19
0 0 4.1077202E7 -8.0051781E7 D
327 1 4.1074568E7 -8.007008E7 Regular
493 1 4.1077704E7 -8.0073576E7 Regular
521 1 4.1071828E7 -8.0064008E7 Regular
601 17 4.1072712E7 -8.0062904E7 Regular
222 1 4.1071928E7 -8.006268E7 Regular
466 6 4.1071792E7 -8.0064088E7 Regular
313 1 4.107118E7 -8.0065496E7 Regular
561 1 4.1069792E7 -8.006372E7 Regular
506 2 4.1067072E7 -8.0060232E7 Regular
516 3 4.1064764E7 -8.0057432E7 Regular
156 4 4.1064952E7 -8.0057656E7 Regular
197 1 4.1063872E7 -8.0059584E7 Regular
589 1 4.1062872E7 -8.0063568E7 Regular
301 1 4.1062836E7 -8.0065104E7 Regular
446 1 4.1065268E7 -8.0054328E7 Regular
492 11 4.1062396E7 -8.005408E7 Regular
474 2 4.1058796E7 -8.00496E7 Regular
-1 0 4.1057168E7 -8.0042566E7 D
The road segments list is:
null 52668800 52690861 52690870 52690875 52669389 52690881 52696627 52682557 88000013 88000004 88000012 52681413 52669092 52690897 52668793 
2 Regular 55.0 11.764044999077512 55.0 0.0 25
0 0 4.1077202E7 -8.0051781E7 D
65 1 4.1048272E7 -8.0111488E7 Regular
66 3 4.1049636E7 -8.0111648E7 Regular
254 1 4.106472E7 -8.0082912E7 Regular
134 1 4.1064652E7 -8.0077568E7 Regular
494 2 4.1064024E7 -8.0074888E7 Regular
92 1 4.106432E7 -8.0076312E7 Regular
409 12 4.1058024E7 -8.0076144E7 Regular
353 3 4.1051544E7 -8.0078856E7 Regular
362 1 4.1052256E7 -8.0076752E7 Regular
500 1 4.105024E7 -8.008252E7 Regular
356 2 4.1050696E7 -8.008136E7 Regular
350 2 4.1051612E7 -8.0078816E7 Regular
512 2 4.1053256E7 -8.0074728E7 Regular
510 2 4.1054996E7 -8.0073392E7 Regular
514 1 4.1058656E7 -8.0066856E7 Regular
515 1 4.105898E7 -8.0066128E7 Regular
314 1 4.1059408E7 -8.0065392E7 Regular
513 4 4.1060936E7 -8.0062488E7 Regular
576 5 4.106128E7 -8.0055328E7 Regular
291 1 4.1059792E7 -8.0056888E7 Regular
283 2 4.1059332E7 -8.0057104E7 Regular
554 3 4.105722E7 -8.0050848E7 Regular
71 3 4.105874E7 -8.0048688E7 Regular
-1 0 4.1057168E7 -8.0042566E7 D
The road segments list is:
null 52669377 52669375 52693869 52691166 52668707 52679910 52693871 52693872 52669385 52669659 52669387 52696629 52683124 52669672 52669673 
3 Regular 55.0 27.02364076013987 55.0 0.0 33
0 0 4.1077202E7 -8.0051781E7 D
433 3 4.0988392E7 -8.0154624E7 Regular
69 2 4.0996648E7 -8.0154192E7 Regular
3 1 4.1001444E7 -8.015472E7 Regular
302 2 4.100054E7 -8.015992E7 Regular
123 1 4.10106E7 -8.0134776E7 Regular
116 1 4.1010568E7 -8.0133728E7 Regular
253 1 4.101964E7 -8.013648E7 Regular
263 4 4.102212E7 -8.0136744E7 Regular
259 1 4.1021216E7 -8.0136584E7 Regular
237 1 4.101684E7 -8.013648E7 Regular
231 1 4.1015892E7 -8.0136648E7 Regular
6 1 4.101708E7 -8.0113288E7 Regular
79 1 4.1026104E7 -8.0116928E7 Regular
38 1 4.102614E7 -8.0117424E7 Regular
507 5 4.10386E7 -8.0121808E7 Regular
68 4 4.1046656E7 -8.0111528E7 Regular
438 1 4.1042824E7 -8.0122288E7 Regular
586 3 4.1044748E7 -8.0111496E7 Regular
585 3 4.1043576E7 -8.0111456E7 Regular
50 3 4.1041744E7 -8.011148E7 Regular
44 1 4.1037216E7 -8.010972E7 Regular
48 1 4.1038504E7 -8.0110376E7 Regular
47 1 4.1038552E7 -8.0110384E7 Regular
511 2 4.1041924E7 -8.010624E7 Regular
509 1 4.1042264E7 -8.010312E7 Regular
380 1 4.104368E7 -8.0095888E7 Regular
375 1 4.1044168E7 -8.0094624E7 Regular
411 3 4.1036096E7 -8.0095136E7 Regular
180 1 4.103314E7 -8.0093088E7 Regular
137 1 4.104496E7 -8.0060472E7 Regular
61 2 4.1053568E7 -8.006012E7 Regular
-1 0 4.1057168E7 -8.0042566E7 D
The road segments list is:
null 52685945 52685960 52668617 52668557 52668556 52668830 52668626 52677517 52695404 52669379 52668834 52668716 52693041 52668713 52685907 52685889 
4 Regular 55.0 28.69134039563842 55.0 0.0 33
0 0 4.1077202E7 -8.0051781E7 D
127 1 4.096334E7 -8.0158904E7 Regular
126 1 4.0962644E7 -8.0158368E7 Regular
517 1 4.0966648E7 -8.0160584E7 Regular
182 1 4.0975684E7 -8.0141784E7 Regular
524 2 4.0982416E7 -8.0170152E7 Regular
56 1 4.098836E7 -8.0158576E7 Regular
434 4 4.098658E7 -8.0152728E7 Regular
435 1 4.0988376E7 -8.014092E7 Regular
160 1 4.0988376E7 -8.014264E7 Regular
436 1 4.098844E7 -8.0139416E7 Regular
37 1 4.098844E7 -8.0135064E7 Regular
437 1 4.0991408E7 -8.0124936E7 Regular
104 1 4.0986528E7 -8.0136112E7 Regular
13 1 4.0988432E7 -8.0134472E7 Regular
108 2 4.100668E7 -8.014004E7 Regular
229 3 4.100142E7 -8.0139896E7 Regular
591 1 4.100232E7 -8.0122792E7 Regular
399 1 4.1005048E7 -8.0115624E7 Regular
588 3 4.1016796E7 -8.0113208E7 Regular
171 3 4.1026336E7 -8.010316E7 Regular
288 3 4.101914E7 -8.0082504E7 Regular
258 2 4.10242E7 -8.0088232E7 Regular
410 1 4.1025056E7 -8.008912E7 Regular
249 1 4.102508E7 -8.0089176E7 Regular
242 1 4.1041124E7 -8.0068824E7 Regular
340 3 4.1049212E7 -8.0050384E7 Regular
339 4 4.1048552E7 -8.0050136E7 Regular
338 2 4.1047792E7 -8.0050072E7 Regular
342 3 4.1050104E7 -8.0050624E7 Regular
343 1 4.105078E7 -8.0050736E7 Regular
556 3 4.1051992E7 -8.0050984E7 Regular
-1 0 4.1057168E7 -8.0042566E7 D
The road segments list is:
null 52696493 52696499 52685951 65174695 52664724 52664537 52664701 52664546 52688817 52665047 52664540 52685938 52692429 52669511 52668823 52668830 52685909 52685905 52685888 52692545 52692546 
5 Regular 55.0 28.391166215956662 55.0 0.0 19
0 0 4.1077202E7 -8.0051781E7 D
429 2 4.0938536E7 -8.0163104E7 Regular
480 13 4.0960496E7 -8.0152544E7 Regular
481 8 4.0960268E7 -8.0154112E7 Regular
496 6 4.096252E7 -8.0157432E7 Regular
497 10 4.0962664E7 -8.015556E7 Regular
119 1 4.0957016E7 -8.0147144E7 Regular
120 1 4.095698E7 -8.0147288E7 Regular
421 1 4.0956888E7 -8.0152912E7 Regular
147 2 4.0956864E7 -8.01424E7 Regular
165 1 4.0956928E7 -8.0140592E7 Regular
318 1 4.0975908E7 -8.0130184E7 Regular
101 1 4.09892E7 -8.0118712E7 Regular
155 1 4.09892E7 -8.011136E7 Regular
439 2 4.103252E7 -8.0069016E7 Regular
139 3 4.1028752E7 -8.0074736E7 Regular
221 1 4.1034816E7 -8.006492E7 Regular
208 1 4.1038904E7 -8.0064688E7 Regular
-1 0 4.1057168E7 -8.0042566E7 D
The road segments list is:
null 88000006 52696508 52684697 52664585 52664658 52665118 52695218 52696522 52696523 52684735 52668853 52668873 
6 Regular 55.0 33.338887083089844 55.0 0.0 34
0 0 4.1077202E7 -8.0051781E7 D
135 1 4.0907432E7 -8.0156984E7 Regular
179 2 4.0917236E7 -8.0152232E7 Regular
118 1 4.0921832E7 -8.0148008E7 Regular
58 1 4.0925268E7 -8.0144064E7 Regular
60 3 4.092548E7 -8.0144128E7 Regular
417 2 4.092504E7 -8.0150656E7 Regular
406 3 4.0925236E7 -8.0146512E7 Regular
25 1 4.09252E7 -8.0147536E7 Regular
530 2 4.0926508E7 -8.0144656E7 Regular
449 1 4.092678E7 -8.0144752E7 Regular
67 6 4.0927064E7 -8.014488E7 Regular
526 2 4.0928716E7 -8.014544E7 Regular
404 1 4.0930168E7 -8.0145576E7 Regular
149 2 4.0930644E7 -8.0145424E7 Regular
159 1 4.0932964E7 -8.0145528E7 Regular
188 3 4.0935388E7 -8.0145672E7 Regular
177 1 4.0934224E7 -8.0145616E7 Regular
529 2 4.093832E7 -8.0150032E7 Regular
527 1 4.094392E7 -8.0152688E7 Regular
228 2 4.0943744E7 -8.0142544E7 Regular
587 1 4.0939568E7 -8.0145048E7 Regular
245 1 4.0948616E7 -8.01352E7 Regular
274 2 4.0953816E7 -8.013588E7 Regular
278 1 4.0955896E7 -8.0132888E7 Regular
296 1 4.096718E7 -8.0130768E7 Regular
125 2 4.099816E7 -8.0083608E7 Regular
57 1 4.1003524E7 -8.0085632E7 Regular
577 1 4.1005908E7 -8.0084072E7 Regular
32 1 4.1007704E7 -8.0083344E7 Regular
27 2 4.1007528E7 -8.008364E7 Regular
220 3 4.1038504E7 -8.0061392E7 Regular
365 1 4.1052364E7 -8.0047352E7 Regular
-1 0 4.1057168E7 -8.0042566E7 D
The road segments list is:
null 52695231 52681167 52665175 52664508 52664983 52681160 52683073 52664509 52681140 52664561 52696491 52664515 52687676 52687675 52664591 52687673 52664551 52696529 52685897 52668845 52669144 52681486 
7 Regular 55.0 36.06681719987832 55.0 0.0 33
0 0 4.1077202E7 -8.0051781E7 D
33 1 4.0912976E7 -8.0140408E7 Regular
525 3 4.0904924E7 -8.013992E7 Regular
194 1 4.0898312E7 -8.0145696E7 Regular
460 1 4.0893808E7 -8.014712E7 Regular
461 2 4.0893648E7 -8.0147112E7 Regular
462 1 4.08902E7 -8.0147952E7 Regular
122 1 4.0889344E7 -8.0148136E7 Regular
225 1 4.0899624E7 -8.0145424E7 Regular
167 1 4.0907344E7 -8.0154648E7 Regular
459 3 4.0905128E7 -8.014192E7 Regular
2 1 4.0900792E7 -8.01398E7 Regular
403 1 4.0896684E7 -8.0139072E7 Regular
528 4 4.0889784E7 -8.0137296E7 Regular
396 1 4.088908E7 -8.0137136E7 Regular
292 1 4.0901388E7 -8.0128088E7 Regular
77 2 4.0915876E7 -8.0133376E7 Regular
64 1 4.0916528E7 -8.0133528E7 Regular
193 1 4.0922392E7 -8.0128784E7 Regular
184 1 4.0922196E7 -8.0129168E7 Regular
443 1 4.0921804E7 -8.0131272E7 Regular
236 1 4.0922816E7 -8.0124928E7 Regular
235 4 4.0922836E7 -8.0125432E7 Regular
542 1 4.0981888E7 -8.0088512E7 Regular
541 4 4.0988544E7 -8.009412E7 Regular
580 2 4.10039E7 -8.0077128E7 Regular
8 3 4.1015528E7 -8.0074056E7 Regular
15 2 4.1015704E7 -8.0074032E7 Regular
140 3 4.1013768E7 -8.0067752E7 Regular
124 1 4.1012956E7 -8.006536E7 Regular
111 1 4.1013364E7 -8.0066288E7 Regular
557 4 4.104588E7 -8.0049576E7 Regular
-1 0 4.1057168E7 -8.0042566E7 D
The road segments list is:
null 52664627 52664867 52687796 52696503 52664952 52687798 52687799 52664949 52681139 52695231 52664507 52664923 52664531 52696519 52664715 52694004 52694005 52687682 52665415 52668846 52668855 52696649 52669204 52692549 
8 Regular 55.0 33.70892267280379 55.0 0.0 24
0 0 4.1077202E7 -8.0051781E7 D
533 2 4.0899576E7 -8.0127424E7 Regular
287 2 4.0900368E7 -8.0127728E7 Regular
241 1 4.0891048E7 -8.012508E7 Regular
532 2 4.0887896E7 -8.0125192E7 Regular
163 1 4.0887844E7 -8.0114952E7 Regular
191 1 4.0887924E7 -8.0112944E7 Regular
282 1 4.09016E7 -8.011092E7 Regular
256 2 4.0904448E7 -8.011624E7 Regular
563 2 4.0904192E7 -8.0115992E7 Regular
133 1 4.0915776E7 -8.0108496E7 Regular
138 3 4.0914196E7 -8.0107592E7 Regular
106 3 4.091912E7 -8.0111344E7 Regular
43 2 4.0922592E7 -8.0113056E7 Regular
34 2 4.0927724E7 -8.0110808E7 Regular
471 7 4.0924176E7 -8.0105264E7 Regular
320 1 4.0925348E7 -8.0100704E7 Regular
131 2 4.10127E7 -8.006448E7 Regular
110 1 4.1012632E7 -8.0064336E7 Regular
90 3 4.1011044E7 -8.0060024E7 Regular
94 2 4.1011528E7 -8.0061328E7 Regular
565 2 4.103764E7 -8.005308E7 Regular
407 12 4.1049356E7 -8.0046888E7 Regular
-1 0 4.1057168E7 -8.0042566E7 D
The road segments list is:
null 52666111 52681220 52666107 52692029 52692028 52696500 52664627 52664626 52696537 52665341 52665342 52666191 52668849 52679915 52679936 
9 Regular 55.0 37.41844748436166 55.0 0.0 24
0 0 4.1077202E7 -8.0051781E7 D
558 4 4.0887904E7 -8.0113808E7 Regular
559 1 4.088818E7 -8.0110904E7 Regular
219 2 4.0888336E7 -8.010456E7 Regular
560 2 4.0889096E7 -8.009992E7 Regular
603 3 4.0899236E7 -8.0098888E7 Regular
390 5 4.0900096E7 -8.0098584E7 Regular
205 1 4.0908872E7 -8.0102936E7 Regular
395 1 4.0905592E7 -8.0096184E7 Regular
295 1 4.0894924E7 -8.0084272E7 Regular
315 1 4.0899288E7 -8.0084512E7 Regular
402 1 4.0907636E7 -8.0084408E7 Regular
444 1 4.0916544E7 -8.009192E7 Regular
352 2 4.0916724E7 -8.00922E7 Regular
445 7 4.0919812E7 -8.0094904E7 Regular
583 6 4.1006124E7 -8.0054736E7 Regular
385 2 4.100616E7 -8.0057464E7 Regular
431 2 4.1009204E7 -8.0055296E7 Regular
63 1 4.1011176E7 -8.0055576E7 Regular
21 1 4.100976E7 -8.0055272E7 Regular
562 1 4.1014792E7 -8.005616E7 Regular
99 2 4.1028752E7 -8.0054192E7 Regular
87 8 4.1048808E7 -8.0045872E7 Regular
-1 0 4.1057168E7 -8.0042566E7 D
The road segments list is:
null 52684656 52665335 52665329 52692029 52665607 52666173 52692028 52686509 52665331 52683063 52666137 52687697 52665268 52669490 52686719 52686720 52686714 52695394 52679941 
10 Regular 55.0 36.09564384180579 55.0 0.0 32
0 0 4.1077202E7 -8.0051781E7 D
234 1 4.0886008E7 -8.0083792E7 Regular
172 1 4.0887876E7 -8.007224E7 Regular
285 1 4.0887984E7 -8.0060072E7 Regular
82 1 4.0892972E7 -8.0078096E7 Regular
35 2 4.0893928E7 -8.00818E7 Regular
564 5 4.0898984E7 -8.0084528E7 Regular
344 2 4.0904044E7 -8.0079232E7 Regular
354 1 4.0905344E7 -8.007944E7 Regular
605 1 4.0912712E7 -8.0078336E7 Regular
604 1 4.0912712E7 -8.0078336E7 Regular
378 1 4.0910948E7 -8.007296E7 Regular
485 12 4.0911036E7 -8.0066832E7 Regular
484 2 4.0910984E7 -8.0066808E7 Regular
334 1 4.090878E7 -8.0059504E7 Regular
487 3 4.0908992E7 -8.0060032E7 Regular
326 1 4.090834E7 -8.0057944E7 Regular
482 1 4.0990144E7 -8.0056776E7 Regular
23 1 4.0994308E7 -8.00578E7 Regular
359 1 4.1003476E7 -8.005168E7 Regular
348 3 4.1002284E7 -8.004788E7 Regular
363 2 4.1004456E7 -8.0051776E7 Regular
555 1 4.1016888E7 -8.0046408E7 Regular
55 1 4.1016612E7 -8.0048768E7 Regular
239 1 4.1018456E7 -8.004584E7 Regular
255 1 4.1020792E7 -8.0046608E7 Regular
265 1 4.1021536E7 -8.0046664E7 Regular
247 2 4.1019872E7 -8.004592E7 Regular
582 1 4.1016728E7 -8.0046584E7 Regular
361 1 4.1049592E7 -8.0043672E7 Regular
408 2 4.104728E7 -8.0044624E7 Regular
-1 0 4.1057168E7 -8.0042566E7 D
The road segments list is:
null 52666155 52686509 52665333 52665266 52676579 52676592 52676588 52665325 52665324 52666376 52690215 52683084 52666298 52665376 52668745 52676238 52668864 52668862 52669482 52668865 52668867 52696640 52679934 52679943 
11 Regular 55.0 31.365414885673175 55.0 0.0 30
0 0 4.1077202E7 -8.0051781E7 D
275 2 4.089268E7 -8.0056704E7 Regular
470 4 4.0898472E7 -8.0052752E7 Regular
96 1 4.0902908E7 -8.0053072E7 Regular
486 2 4.0905664E7 -8.0053576E7 Regular
298 1 4.0904264E7 -8.0050272E7 Regular
469 2 4.0904136E7 -8.005308E7 Regular
5 2 4.0904304E7 -8.0051184E7 Regular
93 3 4.0906816E7 -8.0048192E7 Regular
504 1 4.09045E7 -8.004504E7 Regular
501 1 4.0905148E7 -8.0047416E7 Regular
14 1 4.0905136E7 -8.0047384E7 Regular
502 9 4.0906104E7 -8.0047728E7 Regular
547 3 4.0909556E7 -8.0049256E7 Regular
503 1 4.09126E7 -8.0051104E7 Regular
536 1 4.0915848E7 -8.0051688E7 Regular
49 1 4.092056E7 -8.0046832E7 Regular
19 1 4.0920496E7 -8.0048928E7 Regular
151 1 4.0924752E7 -8.0048024E7 Regular
150 1 4.0923928E7 -8.0048176E7 Regular
152 2 4.092678E7 -8.0048272E7 Regular
157 4 4.092874E7 -8.0048736E7 Regular
161 1 4.0929992E7 -8.0049184E7 Regular
162 1 4.093116E7 -8.0049568E7 Regular
164 2 4.0932068E7 -8.0049896E7 Regular
174 1 4.09395E7 -8.0050344E7 Regular
175 1 4.0941072E7 -8.004976E7 Regular
537 4 4.093554E7 -8.0050712E7 Regular
195 1 4.101142E7 -8.0046336E7 Regular
-1 0 4.1057168E7 -8.0042566E7 D
The road segments list is:
null 52665255 52665240 52665239 52665561 52665260 52665308 52666032 52690228 52665259 52665307 52681177 52665236 52665233 52665293 52696516 52668910 
0 4.0904161E7 -8.005279E7 623.0 285.25262451171875 15
12 Regular 64.0 23.86522275802677 64.0 0.0 34
0 0 4.0904161E7 -8.005279E7 D
267 2 4.0891324E7 -8.0037056E7 Regular
568 2 4.0899668E7 -8.003688E7 Regular
117 3 4.0900608E7 -8.0036992E7 Regular
89 2 4.0902856E7 -8.003716E7 Regular
98 2 4.0902776E7 -8.003716E7 Regular
80 1 4.0905176E7 -8.0030376E7 Regular
204 1 4.0896988E7 -8.00166E7 Regular
202 2 4.0897096E7 -8.0016544E7 Regular
400 1 4.0905372E7 -8.001888E7 Regular
543 3 4.0906072E7 -8.0023888E7 Regular
574 1 4.0911508E7 -8.0029064E7 Regular
572 1 4.0912304E7 -8.002768E7 Regular
384 1 4.091236E7 -8.0027656E7 Regular
508 1 4.0909544E7 -8.0034696E7 Regular
545 1 4.0909536E7 -8.0034552E7 Regular
430 9 4.090626E7 -8.0042728E7 Regular
551 1 4.0897512E7 -8.0044904E7 Regular
552 4 4.0901192E7 -8.0046016E7 Regular
553 3 4.0903472E7 -8.0046664E7 Regular
483 4 4.0904552E7 -8.0043824E7 Regular
28 3 4.091052E7 -8.003804E7 Regular
451 1 4.0920872E7 -8.003636E7 Regular
226 1 4.0926736E7 -8.002324E7 Regular
452 1 4.0927496E7 -8.0026072E7 Regular
189 2 4.092122E7 -8.003096E7 Regular
129 2 4.0920808E7 -8.0039848E7 Regular
84 2 4.097624E7 -8.0036704E7 Regular
142 1 4.098036E7 -8.0039624E7 Regular
199 1 4.098236E7 -8.0043176E7 Regular
579 2 4.0994112E7 -8.0036384E7 Regular
201 2 4.1002608E7 -8.0037408E7 Regular
178 1 4.1001904E7 -8.0033536E7 Regular
-1 0 4.1057168E7 -8.0042566E7 D
The road segments list is:
null 52695274 52684659 52677841 52690645 52695291 52666400 52686836 52665464 52665206 52690243 52695240 52690646 52690626 52665254 52665210 52690255 52690250 52690265 52666219 52665389 52681446 
13 Regular 55.0 24.14177382191733 55.0 0.0 37
0 0 4.0904161E7 -8.005279E7 D
491 1 4.0889776E7 -7.9992912E7 Regular
1 1 4.0889728E7 -7.9992928E7 Regular
592 1 4.0886392E7 -7.999292E7 Regular
490 2 4.0886356E7 -7.999432E7 Regular
153 1 4.089168E7 -8.0004424E7 Regular
210 4 4.088862E7 -8.0009792E7 Regular
209 1 4.08895E7 -8.0009408E7 Regular
207 1 4.0889676E7 -8.0009248E7 Regular
146 1 4.0894488E7 -8.001152E7 Regular
401 1 4.08992E7 -8.0009632E7 Regular
74 2 4.0894676E7 -8.000756E7 Regular
51 1 4.0894676E7 -8.0005976E7 Regular
441 2 4.0897904E7 -8.0016432E7 Regular
7 1 4.090602E7 -8.0018E7 Regular
398 1 4.0904856E7 -8.0013184E7 Regular
397 2 4.0904696E7 -8.0011248E7 Regular
522 3 4.0905072E7 -8.0016352E7 Regular
391 1 4.0903656E7 -8.0002552E7 Regular
495 2 4.0902268E7 -7.9999376E7 Regular
371 2 4.0910872E7 -8.0001752E7 Regular
370 1 4.0909468E7 -8.0001888E7 Regular
575 2 4.0923228E7 -8.0004264E7 Regular
347 2 4.092236E7 -8.0007312E7 Regular
346 2 4.0922648E7 -8.0006264E7 Regular
355 1 4.0920912E7 -8.001256E7 Regular
360 2 4.0920584E7 -8.001352E7 Regular
158 2 4.0918824E7 -8.0018896E7 Regular
143 1 4.0918128E7 -8.0018856E7 Regular
186 2 4.0921E7 -8.0018928E7 Regular
569 2 4.093186E7 -8.0015064E7 Regular
303 2 4.0931984E7 -8.0012464E7 Regular
290 2 4.0932132E7 -8.0006696E7 Regular
309 1 4.0990396E7 -8.0031488E7 Regular
442 1 4.1015304E7 -8.0034832E7 Regular
489 1 4.1017504E7 -8.0032416E7 Regular
-1 0 4.1057168E7 -8.0042566E7 D
The road segments list is:
null 52649383 52649407 52649433 52649435 52665300 52665299 52665514 52686375 52686837 52685797 52695286 52665551 52694600 52689705 52679965 52686834 52686833 52690246 52690249 52685801 52696543 52668908 
14 Regular 55.0 23.048102562421334 55.0 0.0 27
0 0 4.0904161E7 -8.005279E7 D
519 1 4.089416E7 -7.9980888E7 Regular
103 1 4.0894532E7 -7.9980928E7 Regular
45 1 4.0889816E7 -7.9980664E7 Regular
368 1 4.088852E7 -7.99818E7 Regular
76 1 4.0889996E7 -7.9980712E7 Regular
54 1 4.0887088E7 -7.9984648E7 Regular
389 3 4.0898456E7 -7.999396E7 Regular
383 1 4.0898404E7 -7.999384E7 Regular
394 5 4.0898832E7 -7.9994288E7 Regular
523 5 4.0899848E7 -7.999584E7 Regular
46 2 4.0904316E7 -7.9986024E7 Regular
31 2 4.0904244E7 -7.9985024E7 Regular
376 3 4.0908608E7 -7.9993168E7 Regular
373 2 4.0912404E7 -7.998872E7 Regular
374 1 4.091222E7 -7.9990424E7 Regular
372 1 4.0917816E7 -7.9997376E7 Regular
330 1 4.0924136E7 -8.0000792E7 Regular
573 11 4.0923712E7 -8.0002352E7 Regular
324 2 4.0924168E7 -8.0000832E7 Regular
377 1 4.0926408E7 -7.9997968E7 Regular
463 3 4.0932312E7 -7.9998328E7 Regular
130 1 4.0929876E7 -8.0004672E7 Regular
268 1 4.1014084E7 -8.002828E7 Regular
223 3 4.1023816E7 -8.0030312E7 Regular
53 1 4.1040416E7 -8.0037312E7 Regular
-1 0 4.1057168E7 -8.0042566E7 D
The road segments list is:
null 52649408 52694605 52649402 52650278 52649310 52695288 52689798 52694606 52649243 52679972 52695268 52685794 52685799 52649067 52665288 52696536 52696622 52681463 52696617 
15 Regular 59.0 23.503471315942964 59.0 0.0 31
0 0 4.0904161E7 -8.005279E7 D
538 3 4.0887224E7 -7.9974128E7 Regular
358 1 4.088702E7 -7.9977456E7 Regular
136 1 4.0899544E7 -7.9981312E7 Regular
128 1 4.08991E7 -7.9981248E7 Regular
544 5 4.0904228E7 -7.9984752E7 Regular
144 1 4.090272E7 -7.9980416E7 Regular
518 1 4.0904304E7 -7.998024E7 Regular
196 2 4.0907952E7 -7.9980368E7 Regular
520 12 4.0906184E7 -7.9980176E7 Regular
216 3 4.0910324E7 -7.9980408E7 Regular
227 1 4.0913036E7 -7.9981064E7 Regular
233 1 4.0913336E7 -7.9981144E7 Regular
279 1 4.0925168E7 -7.9985032E7 Regular
293 2 4.0926696E7 -7.998944E7 Regular
42 4 4.0929492E7 -7.9985352E7 Regular
52 2 4.0929544E7 -7.9985432E7 Regular
81 3 4.092992E7 -7.9985464E7 Regular
20 1 4.0928328E7 -7.9985344E7 Regular
91 2 4.093308E7 -7.9975848E7 Regular
464 3 4.0932784E7 -7.9985568E7 Regular
109 1 4.0932968E7 -7.9981024E7 Regular
571 1 4.0929872E7 -7.997896E7 Regular
83 1 4.0986276E7 -7.9994912E7 Regular
578 1 4.09854E7 -8.00008E7 Regular
224 1 4.0997732E7 -8.0012688E7 Regular
297 1 4.1032128E7 -8.0027112E7 Regular
250 1 4.1028072E7 -8.0024072E7 Regular
333 1 4.1041752E7 -8.003288E7 Regular
337 1 4.1043344E7 -8.003496E7 Regular
-1 0 4.1057168E7 -8.0042566E7 D
The road segments list is:
null 52691188 52649923 52686821 52649154 52685803 52685807 52649237 52686819 52694606 52650708 52689241 52649059 52649060 52650707 52649033 52685819 52685814 52685880 52679919 52669445 52692093 52692094 
16 Regular 55.0 18.355993329446832 55.0 0.0 26
0 0 4.0904161E7 -8.005279E7 D
364 2 4.0990824E7 -7.9988384E7 Regular
367 1 4.0994728E7 -7.9989448E7 Regular
95 3 4.0994108E7 -7.9993376E7 Regular
112 2 4.0994024E7 -7.9997024E7 Regular
73 1 4.0994108E7 -7.9991208E7 Regular
499 1 4.098028E7 -7.9982544E7 Regular
299 1 4.0976488E7 -7.9979392E7 Regular
316 1 4.0981376E7 -7.9982936E7 Regular
322 1 4.0982188E7 -7.9983456E7 Regular
335 1 4.0984592E7 -7.9985344E7 Regular
581 2 4.098712E7 -7.9987176E7 Regular
16 2 4.0987064E7 -7.9988672E7 Regular
148 1 4.0985396E7 -8.00012E7 Regular
427 1 4.1020772E7 -8.0014944E7 Regular
203 2 4.1020848E7 -8.0014976E7 Regular
425 2 4.1022784E7 -8.0018072E7 Regular
428 6 4.1023464E7 -8.0019032E7 Regular
238 2 4.1025072E7 -8.0020992E7 Regular
426 3 4.102464E7 -8.0020576E7 Regular
423 3 4.1025048E7 -8.0020992E7 Regular
424 9 4.103106E7 -8.00264E7 Regular
546 5 4.1038176E7 -8.0029768E7 Regular
458 2 4.1048076E7 -8.003604E7 Regular
4 1 4.1044636E7 -8.0036176E7 Regular
-1 0 4.1057168E7 -8.0042566E7 D
The road segments list is:
null 52648804 52665391 52685986 52687764 52687763 52685814 52685819 52687639 52677481 52693076 52695396 52693075 52668678 52668680 52696612 
17 Regular 55.0 22.06062148032777 55.0 0.0 25
0 0 4.0904161E7 -8.005279E7 D
567 2 4.1004148E7 -7.9975408E7 Regular
531 2 4.0995072E7 -7.9981936E7 Regular
432 8 4.0995388E7 -7.9982128E7 Regular
566 9 4.0996256E7 -7.9982096E7 Regular
488 10 4.0996184E7 -7.998328E7 Regular
214 1 4.0992844E7 -7.9983032E7 Regular
213 1 4.0992756E7 -7.9982992E7 Regular
212 3 4.0987712E7 -7.9979056E7 Regular
24 2 4.0994804E7 -7.9983144E7 Regular
10 1 4.0994744E7 -7.998356E7 Regular
39 2 4.0994276E7 -7.9988352E7 Regular
22 1 4.0994276E7 -7.9986576E7 Regular
599 1 4.0996672E7 -7.9987312E7 Regular
387 1 4.1000092E7 -7.9992192E7 Regular
590 1 4.1005204E7 -7.9997856E7 Regular
36 2 4.1005032E7 -7.9995248E7 Regular
12 1 4.1005088E7 -7.9995712E7 Regular
62 1 4.101672E7 -8.0000568E7 Regular
232 2 4.101916E7 -8.000652E7 Regular
570 1 4.10256E7 -8.0015464E7 Regular
262 1 4.1040384E7 -8.0024848E7 Regular
260 1 4.1041072E7 -8.0023832E7 Regular
273 1 4.1039472E7 -8.0026176E7 Regular
-1 0 4.1057168E7 -8.0042566E7 D
The road segments list is:
null 52661390 52648796 52690974 52693620 52693617 52695256 52690704 52648773 52687734 52662032 52685986 52688756 52668903 52668647 52684706 52696618 52668882 
18 Regular 55.0 22.03290016294037 55.0 0.0 28
0 0 4.0904161E7 -8.005279E7 D
498 15 4.0996512E7 -7.9982744E7 Regular
190 1 4.1020228E7 -7.9986256E7 Regular
456 1 4.102014E7 -7.9987016E7 Regular
457 2 4.102024E7 -7.9985464E7 Regular
211 2 4.1020556E7 -7.9981232E7 Regular
86 1 4.1022448E7 -7.999684E7 Regular
115 1 4.1024728E7 -7.9997704E7 Regular
173 1 4.1030552E7 -7.99982E7 Regular
145 1 4.1028068E7 -7.9998336E7 Regular
141 1 4.1034556E7 -7.9982096E7 Regular
40 1 4.1038568E7 -7.9993352E7 Regular
392 1 4.1041744E7 -7.9986088E7 Regular
479 7 4.104208E7 -7.9987352E7 Regular
386 1 4.1042624E7 -7.9992064E7 Regular
382 1 4.10433E7 -7.9993376E7 Regular
478 1 4.10483E7 -7.9997272E7 Regular
369 1 4.1045852E7 -7.9996936E7 Regular
472 1 4.1038772E7 -7.9997368E7 Regular
26 1 4.1033772E7 -8.0005192E7 Regular
252 2 4.1038576E7 -8.0006624E7 Regular
248 1 4.1037264E7 -8.000692E7 Regular
244 2 4.1030704E7 -8.0008432E7 Regular
539 1 4.1035532E7 -8.0011544E7 Regular
450 6 4.1031436E7 -8.0015584E7 Regular
200 1 4.1039776E7 -8.00172E7 Regular
540 1 4.1043048E7 -8.0018528E7 Regular
-1 0 4.1057168E7 -8.0042566E7 D
The road segments list is:
null 52690997 52662023 52680897 52661316 52695634 52677460 52661965 52661976 52696407 52661248 52696406 52661255 52662314 52668646 52680856 52668890 52683233 52668898 52683207 52693759 
19 Regular 64.0 28.849813200654573 64.0 0.0 37
0 0 4.0904161E7 -8.005279E7 D
381 4 4.1044744E7 -7.9995168E7 Regular
261 2 4.1057496E7 -8.0002072E7 Regular
18 3 4.1059588E7 -8.000404E7 Regular
59 2 4.1061792E7 -8.0004968E7 Regular
405 4 4.1067232E7 -8.000536E7 Regular
272 1 4.1063492E7 -8.0001352E7 Regular
416 1 4.1070412E7 -8.0025216E7 Regular
181 1 4.1070564E7 -8.0032216E7 Regular
217 1 4.1070336E7 -8.0023456E7 Regular
415 1 4.1072416E7 -8.0015032E7 Regular
277 1 4.1074404E7 -8.0007264E7 Regular
114 1 4.1091344E7 -8.0000712E7 Regular
85 1 4.1097344E7 -7.9995768E7 Regular
97 2 4.1097708E7 -7.99946E7 Regular
187 1 4.110324E7 -7.9995424E7 Regular
414 1 4.1105332E7 -7.9984E7 Regular
105 2 4.1089556E7 -7.9999448E7 Regular
100 1 4.1089396E7 -7.999936E7 Regular
280 1 4.1089584E7 -8.0001736E7 Regular
413 3 4.1084192E7 -8.0000952E7 Regular
332 2 4.1073372E7 -7.9984448E7 Regular
325 2 4.1072988E7 -7.9984768E7 Regular
306 1 4.1072204E7 -7.9988936E7 Regular
276 1 4.1062916E7 -8.0001336E7 Regular
271 2 4.106266E7 -8.0001376E7 Regular
598 1 4.1060908E7 -8.0001336E7 Regular
270 3 4.1061056E7 -8.0001376E7 Regular
269 1 4.1060184E7 -8.0001576E7 Regular
341 2 4.1058404E7 -8.0003912E7 Regular
321 1 4.1058248E7 -8.0014856E7 Regular
311 2 4.1058248E7 -8.0022464E7 Regular
477 1 4.1058248E7 -8.0021144E7 Regular
475 1 4.1058468E7 -8.0029624E7 Regular
476 5 4.1058248E7 -8.0024312E7 Regular
473 5 4.1058288E7 -8.00262E7 Regular
-1 0 4.1057168E7 -8.0042566E7 D
The road segments list is:
null 52661976 52692921 52696602 52695376 52668768 52668769 52668771 52680882 52692049 52661616 52662260 52662394 52668657 52661892 52693903 52690907 52668645 52668778 52684819 52669426 52668779 52695382 52677446 
20 Regular 55.0 30.563907880494924 55.0 0.0 27
0 0 4.0904161E7 -8.005279E7 D
264 2 4.1131612E7 -7.9992816E7 Regular
75 1 4.1137492E7 -7.9990632E7 Regular
549 3 4.1136604E7 -7.998384E7 Regular
548 1 4.11364E7 -7.9982208E7 Regular
215 2 4.1144056E7 -7.9983976E7 Regular
218 2 4.1144284E7 -7.9983048E7 Regular
29 1 4.113656E7 -8.0001936E7 Regular
594 4 4.1135776E7 -8.000388E7 Regular
30 2 4.1127416E7 -8.0009768E7 Regular
70 2 4.112442E7 -8.0007528E7 Regular
412 2 4.1123224E7 -8.0007048E7 Regular
294 1 4.111488E7 -8.0006872E7 Regular
169 1 4.1105648E7 -8.00136E7 Regular
440 6 4.1106E7 -8.0011056E7 Regular
72 3 4.1106052E7 -8.0008096E7 Regular
17 1 4.1106008E7 -8.000644E7 Regular
11 1 4.1106E7 -8.0005944E7 Regular
78 1 4.1105944E7 -8.000476E7 Regular
595 4 4.1106092E7 -8.000604E7 Regular
41 6 4.1105976E7 -8.0005208E7 Regular
170 1 4.1105904E7 -8.0000856E7 Regular
243 2 4.1105644E7 -7.9991664E7 Regular
281 1 4.1096656E7 -8.0003296E7 Regular
379 2 4.1085484E7 -8.0019768E7 Regular
366 3 4.1081784E7 -8.0024656E7 Regular
-1 0 4.1057168E7 -8.0042566E7 D
The road segments list is:
null 52668357 52690844 52696320 52660074 52660075 52668489 52684874 52695142 52693715 52668809 52695379 52686861 52694285 52693866 52690399 52687562 52690420 52668654 52685923 52685922 
21 Regular 59.0 32.57444677228857 59.0 0.0 18
0 0 4.0904161E7 -8.005279E7 D
107 2 4.1167052E7 -7.999944E7 Regular
284 2 4.1165708E7 -7.9993056E7 Regular
600 1 4.115364E7 -8.0004216E7 Regular
305 3 4.1147304E7 -8.0007384E7 Regular
286 5 4.1140536E7 -8.0009304E7 Regular
505 4 4.1138656E7 -8.0009296E7 Regular
176 3 4.113652E7 -8.0011088E7 Regular
154 1 4.113656E7 -8.0010144E7 Regular
289 2 4.1136752E7 -8.0005992E7 Regular
465 2 4.1136076E7 -8.0009192E7 Regular
596 13 4.1134492E7 -8.000916E7 Regular
597 10 4.113272E7 -8.000912E7 Regular
602 1 4.1130608E7 -8.000896E7 Regular
329 7 4.1129568E7 -8.000896E7 Regular
419 2 4.1125876E7 -8.0013312E7 Regular
418 1 4.112518E7 -8.0015592E7 Regular
-1 0 4.1057168E7 -8.0042566E7 D
The road segments list is:
null 52674982 52686871 52696600 52668403 52668404 52668420 52668419 52690840 52668407 52668408 52668527 52668477 52691837 52686860 
22 Regular 47.0 36.25637642724269 59.0 0.0 27
0 0 4.0904161E7 -8.005279E7 D
312 1 4.1166056E7 -8.0000808E7 Regular
310 2 4.1166012E7 -8.0001272E7 Regular
102 4 4.1166532E7 -7.9999392E7 Regular
422 4 4.1153392E7 -8.0012608E7 Regular
300 1 4.1142392E7 -8.0009384E7 Regular
584 5 4.1137168E7 -8.0015784E7 Regular
317 3 4.1137464E7 -8.0017408E7 Regular
308 2 4.1137268E7 -8.0016624E7 Regular
257 1 4.1136696E7 -8.0013344E7 Regular
550 3 4.1135508E7 -8.0012544E7 Regular
246 1 4.1136556E7 -8.0012216E7 Regular
319 1 4.1135508E7 -8.0019624E7 Regular
388 1 4.1144644E7 -8.003704E7 Regular
9 2 4.1136112E7 -8.0029136E7 Regular
420 2 4.1120332E7 -8.0038728E7 Regular
266 1 4.1120392E7 -8.0040304E7 Regular
251 1 4.1120304E7 -8.0036648E7 Regular
240 1 4.1119972E7 -8.0033616E7 Regular
206 1 4.1122104E7 -8.0023584E7 Regular
198 1 4.1122396E7 -8.0022992E7 Regular
183 1 4.112364E7 -8.002016E7 Regular
168 2 4.112408E7 -8.001912E7 Regular
393 2 4.1111872E7 -8.0032984E7 Regular
230 2 4.1105776E7 -8.002476E7 Regular
349 2 4.1098716E7 -8.0034888E7 Regular
-1 0 4.1057168E7 -8.0042566E7 D
The road segments list is:
null 52695047 52674982 52668426 52695375 52691860 52691861 52668432 70649501 52668434 52685989 52696638 52685990 52685973 52690294 52668760 
23 Regular 0.0 0.0 55.0 0.0 2
0 0 4.0904161E7 -8.005279E7 D
-1 0 4.1057168E7 -8.0042566E7 D

24 Regular 0.0 0.0 55.0 0.0 2
0 0 4.0904161E7 -8.005279E7 D
-1 0 4.1057168E7 -8.0042566E7 D

25 Regular 0.0 0.0 18.0 0.0 2
0 0 4.0904161E7 -8.005279E7 D
-1 0 4.1057168E7 -8.0042566E7 D

26 Regular 0.0 0.0 27.0 0.0 2
0 0 4.0904161E7 -8.005279E7 D
-1 0 4.1057168E7 -8.0042566E7 D

