1
0 -10.442000389099121 19.999000549316406 0.0 0.0 1
0 1 0.0 0.0 1.0E9 1.0E9 47
42 22 11.876999855041504 -24.933000564575195 null
46 19 12.267999649047852 -55.81100082397461 null
43 24 -18.927000045776367 -23.729999542236328 null
21 25 -37.75600051879883 -33.32500076293945 null
24 19 -35.297000885009766 -24.895999908447266 null
12 6 -42.6150016784668 -26.392000198364258 null
47 21 -37.93299865722656 -21.613000869750977 null
38 15 -50.665000915527344 -23.125999450683594 null
40 15 -71.0999984741211 -18.615999221801758 null
39 13 -22.83300018310547 -9.814000129699707 null
30 13 -38.5620002746582 -3.7049999237060547 null
15 4 -52.03900146484375 6.566999912261963 null
17 5 -91.94300079345703 27.58799934387207 null
25 14 -54.755001068115234 14.368000030517578 null
18 17 -65.11799621582031 30.211999893188477 null
2 8 -30.663999557495117 5.4629998207092285 null
23 14 -43.029998779296875 20.452999114990234 null
26 6 -49.32899856567383 33.374000549316406 null
5 12 -67.41300201416016 68.322998046875 null
8 20 -65.00199890136719 77.23400115966797 null
13 9 -76.6719970703125 99.34100341796875 null
29 20 -56.62200164794922 73.33999633789062 null
16 25 -41.375999450683594 50.82400131225586 null
36 10 -26.40399932861328 29.52899932861328 null
33 19 -46.54499816894531 97.9739990234375 null
20 16 -40.94200134277344 83.20899963378906 null
1 12 -29.729999542236328 64.13600158691406 null
31 10 -16.77899932861328 19.53700065612793 null
28 9 -22.753999710083008 55.40800094604492 null
14 9 -20.67300033569336 57.891998291015625 null
44 3 -11.920000076293945 11.755000114440918 null
32 16 -11.5600004196167 11.614999771118164 null
4 5 -13.170999526977539 69.33599853515625 null
41 8 -7.848999977111816 32.07400131225586 null
19 3 18.597000122070312 96.71600341796875 null
7 13 5.243000030517578 22.260000228881836 null
37 11 4.3520002365112305 14.6850004196167 null
35 14 1.2940000295639038 7.348999977111816 null
9 13 -4.175000190734863 -1.569000005722046 null
22 21 23.767000198364258 29.08300018310547 null
34 22 16.229000091552734 9.319999694824219 null
10 18 23.02899932861328 11.638999938964844 null
45 25 29.84000015258789 11.633000373840332 null
27 16 57.40399932861328 23.82200050354004 null
11 7 25.48200035095215 6.2870001792907715 null
6 5 48.90700149536133 6.27400016784668 null
3 16 51.641998291015625 5.468999862670898 null
