50
1 1 7 37.0 52.0
2 1 30 49.0 49.0
3 1 16 52.0 64.0
4 1 9 20.0 26.0
5 1 21 40.0 30.0
6 1 15 21.0 47.0
7 1 19 17.0 63.0
8 1 23 31.0 62.0
9 1 11 52.0 33.0
10 1 5 51.0 21.0
11 1 19 42.0 41.0
12 1 29 31.0 32.0
13 1 23 5.0 25.0
14 1 21 12.0 42.0
15 1 10 36.0 16.0
16 1 15 52.0 41.0
17 1 3 27.0 23.0
18 1 41 17.0 33.0
19 1 9 13.0 13.0
20 1 28 57.0 58.0
21 1 8 62.0 42.0
22 1 8 42.0 57.0
23 1 16 16.0 57.0
24 1 10 8.0 52.0
25 1 28 7.0 38.0
26 1 7 27.0 68.0
27 1 15 30.0 48.0
28 1 14 43.0 67.0
29 1 6 58.0 48.0
30 1 19 58.0 27.0
31 1 11 37.0 69.0
32 1 12 38.0 46.0
33 1 23 46.0 10.0
34 1 26 61.0 33.0
35 1 17 62.0 63.0
36 1 6 63.0 69.0
37 1 9 32.0 22.0
38 1 15 45.0 35.0
39 1 14 59.0 15.0
40 1 7 5.0 6.0
41 1 27 10.0 17.0
42 1 13 21.0 10.0
43 1 11 5.0 64.0
44 1 16 30.0 15.0
45 1 10 39.0 10.0
46 1 5 32.0 39.0
47 1 25 25.0 32.0
48 1 17 25.0 55.0
49 1 18 48.0 28.0
50 1 10 56.0 37.0
