50
-1 null 0 0.0 0.0 0.0
1 1 7 37.0 52.0 0.004355662171278585
2 1 30 49.0 49.0 0.03496771415514721
3 1 16 52.0 64.0 0.4293817978526048
4 1 9 20.0 26.0 0.010537135272277953
5 1 21 40.0 30.0 0.34528369194757746
6 1 15 21.0 47.0 0.030289206703891125
7 1 19 17.0 63.0 0.5894080635373059
8 1 23 31.0 62.0 0.4313496285473687
9 1 11 52.0 33.0 0.345207526251442
10 1 5 51.0 21.0 0.27747608816444913
11 1 19 42.0 41.0 0.6666758688200893
12 1 29 31.0 32.0 0.9302088576920202
13 1 23 5.0 25.0 0.4677191044335084
14 1 21 12.0 42.0 0.39250470019607164
15 1 10 36.0 16.0 0.6485995591280516
16 1 15 52.0 41.0 0.1712889050504809
17 1 3 27.0 23.0 0.10726319131923867
18 1 41 17.0 33.0 0.07163821998846454
19 1 9 13.0 13.0 0.016465289314995357
20 1 28 57.0 58.0 0.5634158657169736
21 1 8 62.0 42.0 0.6539717102451319
22 1 8 42.0 57.0 0.8122479983242932
23 1 16 16.0 57.0 0.17167212854986325
24 1 10 8.0 52.0 0.13001946926512786
25 1 28 7.0 38.0 0.3522725575131014
26 1 7 27.0 68.0 0.04295668608342973
27 1 15 30.0 48.0 0.7045301237334197
28 1 14 43.0 67.0 0.7933656788085707
29 1 6 58.0 48.0 0.218074152352002
30 1 19 58.0 27.0 0.35783574941945495
31 1 11 37.0 69.0 0.9681701585040897
32 1 12 38.0 46.0 0.7819628494321028
33 1 23 46.0 10.0 0.2138968325253583
34 1 26 61.0 33.0 0.17927280358294007
35 1 17 62.0 63.0 0.057816010844566335
36 1 6 63.0 69.0 0.32804235347334465
37 1 9 32.0 22.0 0.4721430531673062
38 1 15 45.0 35.0 0.71025751358875
39 1 14 59.0 15.0 0.08961404227536829
40 1 7 5.0 6.0 0.6862719858941551
41 1 27 10.0 17.0 0.6037679500904142
42 1 13 21.0 10.0 0.4792163516495036
43 1 11 5.0 64.0 0.6234115781082029
44 1 16 30.0 15.0 0.7753683497686522
45 1 10 39.0 10.0 0.03293293050307122
46 1 5 32.0 39.0 0.1291610050936759
47 1 25 25.0 32.0 0.18031975621349194
48 1 17 25.0 55.0 0.4210324768059185
49 1 18 48.0 28.0 0.8577946331729129
50 1 10 56.0 37.0 0.3577965848785337
