50
-1 null 0 0.0 0.0 0.0
1 1 7 37.0 52.0 0.3334411515330292
2 1 30 49.0 49.0 0.8033725327131994
3 1 16 52.0 64.0 0.31782908513764063
4 1 9 20.0 26.0 0.4269125456769285
5 1 21 40.0 30.0 0.4788564526675301
6 1 15 21.0 47.0 0.17097717967953974
7 1 19 17.0 63.0 0.12577370491016415
8 1 23 31.0 62.0 0.5427658608727747
9 1 11 52.0 33.0 0.1342938247197002
10 1 5 51.0 21.0 0.8642536668659866
11 1 19 42.0 41.0 0.13218130508592185
12 1 29 31.0 32.0 0.7244114385570538
13 1 23 5.0 25.0 0.6951601396159707
14 1 21 12.0 42.0 0.1501772257410331
15 1 10 36.0 16.0 0.9836973318985036
16 1 15 52.0 41.0 0.42934659957712573
17 1 3 27.0 23.0 0.21257167663951604
18 1 41 17.0 33.0 0.525099444105215
19 1 9 13.0 13.0 0.8004485409220301
20 1 28 57.0 58.0 0.42522032314411173
21 1 8 62.0 42.0 0.9461449747779519
22 1 8 42.0 57.0 0.8397056839146106
23 1 16 16.0 57.0 0.6252061525125577
24 1 10 8.0 52.0 0.7470189405415428
25 1 28 7.0 38.0 0.7012696360519243
26 1 7 27.0 68.0 0.06850859623135552
27 1 15 30.0 48.0 0.5610378486829654
28 1 14 43.0 67.0 0.47733086893774523
29 1 6 58.0 48.0 0.6722070644414391
30 1 19 58.0 27.0 0.10562208408489393
31 1 11 37.0 69.0 0.9462342427995059
32 1 12 38.0 46.0 0.8627825423440973
33 1 23 46.0 10.0 0.18130459272296007
34 1 26 61.0 33.0 0.7078176988924566
35 1 17 62.0 63.0 0.037365450167988645
36 1 6 63.0 69.0 0.5971203020565778
37 1 9 32.0 22.0 0.5298095153607881
38 1 15 45.0 35.0 0.8513737358929089
39 1 14 59.0 15.0 0.44964355608635587
40 1 7 5.0 6.0 0.3250460281861839
41 1 27 10.0 17.0 0.1572129099156021
42 1 13 21.0 10.0 0.32098489259130447
43 1 11 5.0 64.0 0.03833774412700386
44 1 16 30.0 15.0 0.5507968181540149
45 1 10 39.0 10.0 0.4437486283285277
46 1 5 32.0 39.0 0.307007778131687
47 1 25 25.0 32.0 0.9958084208058698
48 1 17 25.0 55.0 0.17159220958965848
49 1 18 48.0 28.0 0.7846179364688886
50 1 10 56.0 37.0 0.1515760029058012
